0 0.395703 0.267361 0.007552 0.010648
0 0.446875 0.254167 0.004687 0.010185
0 0.461198 0.222917 0.006250 0.011574
0 0.491667 0.240741 0.005729 0.012037
0 0.515885 0.283796 0.004167 0.009259
1 0.544792 0.333796 0.006250 0.012037
0 0.545573 0.346065 0.007292 0.017130
0 0.567318 0.328704 0.007031 0.014815
1 0.572786 0.331944 0.007031 0.011111
1 0.579818 0.257639 0.006510 0.010648
1 0.594141 0.381944 0.008073 0.007407
1 0.576823 0.495602 0.007812 0.006944
0 0.509245 0.575000 0.004948 0.012037
1 0.480208 0.455093 0.004167 0.008333
1 0.502344 0.360185 0.004687 0.011111
0 0.485026 0.352778 0.004948 0.009259
1 0.420964 0.365046 0.006510 0.008796
1 0.414714 0.314815 0.005469 0.009259
0 0.389714 0.360648 0.005469 0.010185
0 0.397656 0.512963 0.006771 0.011111
