0 0.377214 0.255787 0.007031 0.009722
1 0.405990 0.294444 0.005208 0.009259
1 0.442969 0.247917 0.005729 0.012500
0 0.450911 0.239815 0.008594 0.012037
0 0.475651 0.255787 0.005469 0.011574
1 0.554427 0.235880 0.005729 0.008796
0 0.492969 0.291435 0.006771 0.010648
1 0.523047 0.321991 0.004948 0.008796
0 0.523047 0.332176 0.010677 0.008796
0 0.548438 0.323611 0.008854 0.011111
1 0.560677 0.323148 0.008333 0.012037
1 0.568620 0.395139 0.007552 0.007870
1 0.556901 0.489352 0.009115 0.008333
0 0.480990 0.573380 0.006250 0.011574
1 0.452865 0.452315 0.007812 0.008333
0 0.386068 0.501620 0.004948 0.009722
1 0.479687 0.355556 0.009375 0.012037
0 0.473177 0.327315 0.004687 0.011111
1 0.400130 0.347222 0.004948 0.009259
0 0.371224 0.343287 0.004427 0.010648
