0 0.396354 0.212731 0.009375 0.012500
1 0.422786 0.203472 0.005469 0.012500
0 0.485026 0.229861 0.004948 0.012500
1 0.551172 0.222454 0.004427 0.012500
1 0.565234 0.301157 0.005990 0.016204
0 0.658594 0.335648 0.006250 0.011111
0 0.393880 0.275463 0.007552 0.014815
1 0.391146 0.291667 0.007812 0.015741
1 0.413411 0.381713 0.008594 0.013426
0 0.380339 0.379861 0.008594 0.012500
0 0.474740 0.300231 0.004687 0.012500
1 0.514974 0.394444 0.004948 0.010185
1 0.571875 0.463657 0.006250 0.010648
0 0.589063 0.427083 0.006771 0.009722
1 0.558073 0.540972 0.005729 0.008796
0 0.481120 0.572454 0.007031 0.008796
1 0.448958 0.533796 0.007292 0.010185
0 0.469661 0.434491 0.005469 0.009722
0 0.397396 0.512731 0.006771 0.009722
