0 0.456380 0.512963 0.008594 0.013889
0 0.476823 0.350000 0.008333 0.014815
0 0.490234 0.647454 0.005990 0.013426
0 0.658594 0.691204 0.007812 0.011111
0 0.592448 0.542130 0.006771 0.012037
0 0.625000 0.428704 0.006771 0.012963
0 0.523177 0.218750 0.007292 0.013426
0 0.643229 0.250926 0.007812 0.011111
0 0.774349 0.427315 0.009635 0.012963
0 0.784635 0.510185 0.006771 0.013889
1 0.569922 0.709259 0.006510 0.012963
1 0.518359 0.538657 0.007031 0.010648
1 0.525391 0.403009 0.007031 0.012500
1 0.555599 0.245602 0.005990 0.016204
1 0.741016 0.150926 0.011198 0.016667
1 0.759505 0.301157 0.005990 0.015278
1 0.813151 0.425463 0.006510 0.013889
1 0.824349 0.556944 0.008594 0.012963
1 0.713021 0.679398 0.008854 0.016204
1 0.648958 0.492824 0.008333 0.011574
