0 0.365755 0.235417 0.004427 0.013426
1 0.395833 0.255787 0.005729 0.010648
1 0.444922 0.254630 0.005469 0.018519
0 0.447917 0.239352 0.007292 0.010185
0 0.454036 0.258796 0.005469 0.012037
1 0.504036 0.281713 0.004948 0.013426
1 0.532161 0.205556 0.004427 0.011111
1 0.564844 0.301157 0.005729 0.012500
0 0.560156 0.313657 0.005208 0.012500
0 0.531250 0.340046 0.009375 0.010648
0 0.467578 0.308565 0.006510 0.009722
0 0.472005 0.325926 0.005990 0.011111
1 0.484766 0.329861 0.005990 0.012500
1 0.553255 0.415972 0.005990 0.009722
1 0.549609 0.496296 0.005469 0.011111
0 0.450130 0.556250 0.006510 0.011574
1 0.417708 0.452778 0.007812 0.008333
0 0.378385 0.490509 0.005208 0.009722
1 0.375260 0.306713 0.005208 0.012500
0 0.356250 0.301852 0.004167 0.012037
