0 0.373177 0.232176 0.004687 0.014352
1 0.394010 0.235417 0.004687 0.014352
0 0.441797 0.235648 0.010156 0.013889
1 0.447005 0.241898 0.010677 0.012500
1 0.491016 0.251157 0.005469 0.011574
1 0.532292 0.206944 0.004687 0.012037
1 0.573958 0.289120 0.006250 0.011574
0 0.593359 0.325231 0.008594 0.011574
0 0.554036 0.378935 0.005990 0.015278
1 0.556380 0.434259 0.004948 0.010185
1 0.549740 0.511574 0.005208 0.012963
0 0.453516 0.556713 0.004427 0.010648
1 0.416146 0.479398 0.005729 0.008796
0 0.377214 0.489583 0.004948 0.007870
0 0.466406 0.370602 0.005208 0.010648
1 0.515104 0.337963 0.007292 0.014815
0 0.454427 0.285648 0.005729 0.007407
1 0.371615 0.313657 0.005208 0.015278
0 0.357812 0.311806 0.006771 0.015278
