1 0.438021 0.177546 0.006771 0.010648
0 0.420833 0.204630 0.007292 0.009259
0 0.504167 0.236806 0.005208 0.011574
1 0.593750 0.196528 0.005729 0.009722
0 0.420964 0.333102 0.007552 0.016204
1 0.428385 0.339120 0.008854 0.011574
0 0.491667 0.350231 0.005729 0.010648
1 0.554688 0.340278 0.008333 0.010185
1 0.586849 0.346528 0.006510 0.007870
0 0.630599 0.334954 0.009635 0.012500
0 0.617448 0.459259 0.005208 0.008333
1 0.602865 0.493287 0.006771 0.009722
1 0.573958 0.567130 0.006250 0.011111
0 0.493750 0.469213 0.004687 0.009722
1 0.534115 0.414815 0.006250 0.010185
0 0.507292 0.598148 0.007812 0.012037
1 0.475911 0.609491 0.007031 0.013426
1 0.452083 0.403241 0.007292 0.011111
0 0.418880 0.424306 0.009115 0.010648
0 0.432552 0.547917 0.005729 0.011574
