0 0.402083 0.518519 0.011979 0.022222
0 0.425781 0.630324 0.008854 0.013426
1 0.447266 0.537037 0.009115 0.023148
1 0.441927 0.469444 0.009375 0.015741
0 0.494661 0.556713 0.005990 0.013426
0 0.537240 0.519676 0.011458 0.017130
0 0.515755 0.390972 0.011198 0.014352
0 0.530990 0.740972 0.008333 0.015278
1 0.590104 0.631944 0.008333 0.014815
1 0.655859 0.640741 0.010677 0.015741
1 0.662760 0.523380 0.011458 0.018981
1 0.580990 0.494676 0.007292 0.018056
1 0.602865 0.364352 0.007812 0.013889
1 0.708984 0.369213 0.008594 0.015278
1 0.617839 0.215741 0.007031 0.020370
1 0.681901 0.240972 0.008594 0.018056
0 0.575911 0.267824 0.010677 0.017130
0 0.587240 0.083333 0.009896 0.014815
0 0.504297 0.137500 0.011719 0.017593
0 0.442969 0.297917 0.009896 0.016204
