1 0.431641 0.181250 0.006510 0.008796
0 0.413281 0.204861 0.005729 0.010648
0 0.496745 0.232176 0.004948 0.013426
1 0.580729 0.204861 0.006250 0.010648
1 0.576693 0.337500 0.005469 0.012037
0 0.653255 0.326389 0.004948 0.012963
0 0.608464 0.452083 0.007552 0.010648
1 0.592839 0.483333 0.005469 0.010185
1 0.528385 0.408102 0.006771 0.010648
1 0.540104 0.334028 0.006250 0.011574
0 0.485026 0.330787 0.005469 0.011574
1 0.420443 0.325694 0.010156 0.014352
0 0.411849 0.321991 0.007031 0.010648
0 0.408333 0.415278 0.008854 0.013889
1 0.441536 0.402315 0.007552 0.010185
0 0.426302 0.534028 0.008333 0.010648
0 0.487109 0.460880 0.004948 0.009722
1 0.469271 0.585648 0.005729 0.010185
0 0.498177 0.586574 0.005729 0.009259
1 0.568750 0.560417 0.004687 0.011574
