0 0.400781 0.511574 0.009375 0.021296
0 0.450391 0.627315 0.010677 0.020370
0 0.461328 0.299074 0.011198 0.023148
1 0.456380 0.448148 0.013802 0.017593
1 0.459896 0.512269 0.006771 0.013426
0 0.538021 0.521528 0.009375 0.014352
0 0.600000 0.684954 0.010417 0.015278
0 0.562370 0.404167 0.009635 0.017593
0 0.611068 0.517130 0.011719 0.016667
1 0.600000 0.588889 0.009375 0.018519
1 0.600521 0.465741 0.010417 0.017593
1 0.599609 0.201157 0.010156 0.015278
1 0.650651 0.345602 0.011719 0.019907
1 0.700911 0.508333 0.015365 0.016667
1 0.690234 0.622917 0.011198 0.018981
1 0.737891 0.374074 0.012240 0.023148
1 0.710807 0.203472 0.009115 0.015278
0 0.675781 0.287037 0.012500 0.022222
0 0.553646 0.143287 0.010937 0.020833
0 0.648047 0.162269 0.011198 0.025463
