0 0.456510 0.218981 0.005729 0.011111
1 0.477474 0.169907 0.005990 0.011111
0 0.555729 0.250694 0.005729 0.010648
1 0.654036 0.160185 0.005469 0.012963
1 0.619271 0.351852 0.007812 0.009259
1 0.647786 0.367824 0.008073 0.009722
0 0.633854 0.381019 0.006250 0.010185
0 0.655729 0.483333 0.005208 0.009259
1 0.643229 0.536806 0.007292 0.009722
1 0.609505 0.618056 0.007031 0.011111
0 0.551302 0.647454 0.007292 0.009722
0 0.524740 0.504630 0.005208 0.008333
1 0.560937 0.446065 0.005208 0.009722
0 0.534896 0.399537 0.005208 0.011111
1 0.480990 0.360185 0.006250 0.010185
0 0.439974 0.367130 0.005469 0.012037
1 0.447135 0.392361 0.005729 0.011574
0 0.449349 0.457176 0.008594 0.010648
0 0.455859 0.592130 0.005990 0.010185
1 0.490104 0.705324 0.005729 0.017130
