0 0.394661 0.518750 0.009115 0.018056
0 0.423698 0.638889 0.006771 0.011111
1 0.464453 0.569676 0.009115 0.015278
0 0.491276 0.577546 0.008073 0.014352
1 0.457813 0.445370 0.008333 0.016667
0 0.434505 0.300926 0.008073 0.013889
0 0.505859 0.383796 0.006510 0.013889
0 0.521745 0.509722 0.007031 0.011111
0 0.546354 0.257870 0.009896 0.012963
1 0.607031 0.223380 0.007292 0.015278
1 0.593359 0.380556 0.006510 0.013889
1 0.582682 0.501620 0.007031 0.012500
1 0.592448 0.638657 0.006250 0.013426
0 0.521615 0.754630 0.008854 0.014815
1 0.659505 0.637500 0.008073 0.013889
1 0.660937 0.524537 0.008854 0.010185
1 0.696224 0.364352 0.011198 0.013889
0 0.481380 0.141204 0.008073 0.012963
0 0.557031 0.065741 0.008333 0.014815
1 0.666797 0.243981 0.006510 0.015741
