0 0.471745 0.506481 0.010156 0.012963
0 0.464453 0.361343 0.005469 0.011574
0 0.511979 0.237500 0.006250 0.010185
1 0.548698 0.218519 0.006250 0.012037
1 0.516406 0.396991 0.005208 0.010648
1 0.503646 0.517593 0.007812 0.013889
0 0.484766 0.651620 0.006510 0.011574
1 0.536979 0.770139 0.008333 0.013426
0 0.632031 0.694907 0.006250 0.010185
1 0.696094 0.681250 0.005729 0.010648
1 0.772526 0.570833 0.007031 0.012963
0 0.743099 0.522454 0.009635 0.011574
1 0.777083 0.389815 0.006771 0.016667
0 0.729036 0.403935 0.010156 0.010648
0 0.584896 0.540972 0.004687 0.009722
1 0.622005 0.487037 0.008594 0.017593
0 0.615234 0.432176 0.005990 0.011574
1 0.748047 0.280093 0.005990 0.012963
1 0.735417 0.124769 0.010417 0.015278
0 0.627083 0.251852 0.005729 0.012963
