0 0.481380 0.648148 0.005469 0.012037
0 0.472526 0.504630 0.007031 0.014815
0 0.461719 0.362269 0.005208 0.013426
0 0.507422 0.239583 0.005990 0.011574
1 0.514193 0.393750 0.007031 0.008796
1 0.543750 0.209028 0.007812 0.012500
0 0.620703 0.249074 0.005469 0.012963
0 0.611458 0.429167 0.004167 0.008333
0 0.714453 0.401389 0.010156 0.012037
0 0.729167 0.519907 0.006771 0.011111
0 0.581380 0.540972 0.007031 0.010648
0 0.623568 0.694213 0.005990 0.009722
1 0.526302 0.778241 0.007812 0.010185
1 0.687240 0.678472 0.009896 0.012500
1 0.751953 0.569213 0.010677 0.010648
1 0.761198 0.384722 0.005729 0.009259
1 0.733203 0.287037 0.009115 0.012037
1 0.732552 0.115046 0.008854 0.014352
1 0.498437 0.511111 0.007292 0.012037
1 0.611979 0.485185 0.007812 0.012963
