0 0.426953 0.516898 0.010677 0.013426
0 0.477214 0.639352 0.008073 0.014815
0 0.475651 0.320370 0.006510 0.015741
0 0.545964 0.185880 0.006510 0.012500
0 0.649219 0.241435 0.006771 0.014352
1 0.734896 0.186574 0.008333 0.013889
1 0.577083 0.236806 0.008333 0.010648
1 0.515234 0.419676 0.007031 0.013426
1 0.504557 0.553704 0.008073 0.014815
1 0.600781 0.628472 0.007812 0.017130
1 0.649349 0.476620 0.009115 0.013426
0 0.581380 0.534259 0.006510 0.010185
0 0.619661 0.420139 0.005990 0.015278
0 0.660807 0.677546 0.007552 0.012500
1 0.731250 0.680556 0.007812 0.012963
1 0.782682 0.527778 0.011198 0.010185
1 0.727865 0.387037 0.009375 0.012963
0 0.742057 0.479167 0.012240 0.012037
0 0.784115 0.428935 0.008333 0.011574
1 0.789714 0.420139 0.010156 0.014352
