0 0.479297 0.644444 0.007552 0.014815
0 0.474219 0.503472 0.008333 0.013426
0 0.457943 0.366898 0.007031 0.011574
0 0.502734 0.239352 0.005990 0.015741
0 0.614583 0.246759 0.007292 0.015741
0 0.607552 0.429630 0.005729 0.011111
0 0.576302 0.539352 0.006771 0.011111
0 0.615104 0.692824 0.008333 0.010648
0 0.716797 0.514120 0.010677 0.014352
0 0.702344 0.396528 0.010417 0.014352
1 0.519271 0.778935 0.009375 0.010648
1 0.492057 0.502778 0.007031 0.012037
1 0.512630 0.390046 0.007031 0.013426
1 0.537370 0.198148 0.007552 0.014815
1 0.603646 0.482176 0.007292 0.012500
1 0.680469 0.672917 0.009896 0.016204
1 0.735938 0.564352 0.006250 0.014815
1 0.744922 0.377315 0.010677 0.017593
1 0.727214 0.106713 0.007552 0.016204
1 0.718229 0.297454 0.007812 0.009722
