0 0.411458 0.512963 0.005729 0.014815
0 0.466146 0.632870 0.011458 0.012963
0 0.469141 0.308565 0.005990 0.012500
0 0.598958 0.414815 0.007812 0.012037
0 0.565104 0.524769 0.007292 0.018056
0 0.643620 0.670602 0.009635 0.017130
0 0.682292 0.499306 0.010417 0.018056
0 0.740625 0.361343 0.011458 0.019907
0 0.653646 0.218750 0.008333 0.015278
0 0.553776 0.168519 0.007552 0.017593
1 0.492448 0.431713 0.009896 0.018981
1 0.485547 0.537269 0.007552 0.016204
1 0.603255 0.603009 0.008073 0.023611
1 0.631510 0.469444 0.008333 0.020370
1 0.587760 0.221528 0.008854 0.012500
1 0.726693 0.195833 0.008073 0.015741
1 0.694271 0.372685 0.011458 0.016667
1 0.767708 0.388657 0.012500 0.018056
1 0.743229 0.522685 0.011458 0.018519
1 0.719661 0.647222 0.010677 0.021296
