0 0.478125 0.326389 0.007292 0.014815
0 0.433203 0.516667 0.010156 0.013889
0 0.482292 0.642361 0.006771 0.010648
0 0.588281 0.539583 0.007812 0.014352
1 0.597786 0.638194 0.005990 0.017130
1 0.655208 0.478704 0.009896 0.013889
1 0.513021 0.558796 0.006250 0.012963
1 0.522917 0.417361 0.007292 0.010648
0 0.623828 0.421065 0.005469 0.012500
1 0.572396 0.242361 0.006771 0.014352
0 0.540625 0.194676 0.006250 0.011574
0 0.649870 0.248843 0.007552 0.015278
1 0.738672 0.182870 0.007031 0.012963
1 0.741276 0.379398 0.009635 0.018981
0 0.769922 0.468981 0.009635 0.015741
0 0.796484 0.448843 0.007031 0.009722
1 0.799089 0.442593 0.008073 0.013889
1 0.805078 0.524074 0.009635 0.015741
0 0.668880 0.682407 0.009635 0.013889
1 0.728125 0.686574 0.009375 0.010185
