0 0.447266 0.370370 0.006510 0.012963
0 0.482292 0.234028 0.006771 0.015278
0 0.587760 0.243981 0.006771 0.012037
0 0.656380 0.380324 0.008594 0.010648
0 0.680599 0.492130 0.004948 0.008333
0 0.582161 0.670370 0.009635 0.010185
0 0.546354 0.524306 0.007292 0.009722
0 0.472005 0.618287 0.008073 0.013426
0 0.465234 0.479861 0.007552 0.018981
0 0.569401 0.413194 0.007031 0.006944
1 0.686589 0.371528 0.011198 0.012500
1 0.659245 0.340278 0.010156 0.011111
1 0.574609 0.466204 0.007031 0.009259
1 0.677734 0.550694 0.010156 0.010648
1 0.639714 0.641204 0.007552 0.013889
1 0.499219 0.755787 0.007292 0.011574
1 0.460417 0.438426 0.006250 0.012037
1 0.491536 0.364815 0.007552 0.015741
1 0.501693 0.173611 0.005469 0.014815
1 0.685156 0.120833 0.007812 0.014815
