1 0.433464 0.179398 0.005469 0.011574
0 0.417187 0.205324 0.007292 0.009722
0 0.499089 0.234028 0.007031 0.012500
1 0.585938 0.200463 0.006771 0.011111
0 0.642969 0.330787 0.007292 0.015278
1 0.580729 0.342824 0.006250 0.010648
1 0.547656 0.336574 0.007812 0.012037
0 0.488151 0.339815 0.005469 0.012037
1 0.425911 0.331019 0.008073 0.012037
0 0.415365 0.328935 0.005729 0.012500
0 0.413802 0.419907 0.008333 0.012037
1 0.446745 0.402778 0.008073 0.010185
0 0.490885 0.463889 0.006250 0.008333
1 0.530859 0.411343 0.005990 0.011574
0 0.612760 0.455324 0.005729 0.011574
1 0.597396 0.486806 0.004687 0.011574
1 0.570833 0.563657 0.005729 0.012500
0 0.501693 0.590741 0.005469 0.011111
1 0.472396 0.596759 0.005729 0.014815
0 0.430208 0.540741 0.006771 0.011111
