1 0.466146 0.169676 0.007292 0.010648
0 0.445703 0.214815 0.004948 0.012037
0 0.540365 0.245370 0.005208 0.011111
1 0.638802 0.170833 0.008333 0.012963
1 0.602083 0.350000 0.009375 0.010185
1 0.630990 0.360185 0.005729 0.010185
0 0.624349 0.376389 0.005469 0.011111
0 0.645052 0.475000 0.006771 0.010185
1 0.631250 0.524537 0.006250 0.010185
0 0.436979 0.364120 0.005729 0.013426
1 0.442969 0.376157 0.006250 0.012500
1 0.474479 0.372917 0.004167 0.009722
0 0.521224 0.389815 0.004948 0.011111
0 0.516797 0.493750 0.005469 0.007870
1 0.553516 0.436806 0.005469 0.009722
1 0.600391 0.604630 0.004948 0.007407
0 0.538542 0.635417 0.005208 0.010648
1 0.487891 0.680093 0.004948 0.010185
0 0.447917 0.582407 0.006250 0.008333
0 0.442448 0.447454 0.005729 0.008796
