0 0.401562 0.510880 0.008333 0.016204
0 0.452995 0.628704 0.005990 0.016667
1 0.463542 0.444907 0.008333 0.015741
1 0.465365 0.517130 0.008333 0.015741
0 0.462891 0.301620 0.006510 0.015278
0 0.570443 0.406481 0.007031 0.014815
0 0.543490 0.520370 0.006771 0.013889
0 0.623958 0.512963 0.011458 0.016667
1 0.600521 0.589815 0.007812 0.015741
0 0.610026 0.680787 0.010156 0.015278
1 0.607031 0.465741 0.009896 0.014815
1 0.696875 0.626157 0.011979 0.018981
1 0.709245 0.511574 0.011719 0.014815
1 0.741797 0.382407 0.012760 0.015741
1 0.659115 0.350000 0.011458 0.014815
0 0.688802 0.297917 0.011458 0.016204
0 0.555469 0.147454 0.008333 0.019907
1 0.596875 0.207870 0.008333 0.017593
0 0.652083 0.176389 0.007812 0.019444
1 0.714063 0.202778 0.008854 0.018519
