0 0.415495 0.514583 0.010156 0.019907
0 0.469141 0.634028 0.007031 0.013426
0 0.569401 0.526157 0.009115 0.012500
0 0.650000 0.671065 0.010417 0.017130
0 0.699089 0.495139 0.014323 0.015278
0 0.605859 0.416435 0.009115 0.011574
0 0.471094 0.311806 0.008333 0.017130
0 0.551562 0.171759 0.008854 0.017593
0 0.652604 0.227778 0.009896 0.017593
0 0.753385 0.380093 0.009896 0.017593
1 0.728125 0.193056 0.008854 0.015741
1 0.703516 0.378241 0.010156 0.015741
1 0.583984 0.226852 0.007552 0.013889
1 0.637240 0.470370 0.008333 0.015741
1 0.603255 0.611343 0.009115 0.017130
1 0.725911 0.656250 0.010156 0.019907
1 0.774479 0.392361 0.007292 0.018056
1 0.752474 0.525231 0.012240 0.013426
1 0.490885 0.545139 0.008333 0.017130
1 0.499740 0.426620 0.006771 0.014352
