1 0.426823 0.187037 0.005729 0.010185
0 0.403906 0.206019 0.005729 0.009259
0 0.490885 0.227546 0.004167 0.012500
1 0.568359 0.212731 0.005469 0.008796
0 0.666927 0.324537 0.006250 0.012037
1 0.569661 0.324537 0.004948 0.011111
1 0.526823 0.322685 0.006250 0.010185
0 0.480469 0.314815 0.004687 0.009259
0 0.402214 0.306481 0.006510 0.011111
1 0.408594 0.310648 0.007812 0.009259
0 0.396615 0.403241 0.007812 0.011111
1 0.430469 0.393056 0.007812 0.009259
0 0.480469 0.449537 0.005729 0.009259
1 0.522656 0.402315 0.006250 0.010185
0 0.414714 0.524769 0.007031 0.006944
1 0.461589 0.562500 0.005990 0.009259
0 0.490885 0.577083 0.004687 0.009722
1 0.564323 0.551157 0.004167 0.009722
1 0.582943 0.474537 0.006510 0.010185
0 0.601042 0.441435 0.005208 0.012500
