0 0.480078 0.640509 0.008594 0.011574
0 0.429427 0.515741 0.005729 0.012037
0 0.477083 0.323380 0.007812 0.012500
1 0.509896 0.557176 0.007292 0.011574
1 0.519141 0.418287 0.005990 0.009722
0 0.543099 0.190278 0.006510 0.016667
1 0.574870 0.240046 0.007552 0.012500
0 0.648568 0.243981 0.008073 0.012963
0 0.621745 0.420139 0.007552 0.012500
0 0.584635 0.537037 0.007812 0.014815
1 0.599089 0.633333 0.009115 0.012963
0 0.664974 0.681250 0.009635 0.012500
1 0.652865 0.478472 0.008854 0.011574
1 0.734635 0.385880 0.009896 0.015278
0 0.755599 0.474306 0.009635 0.013426
1 0.730599 0.682407 0.007031 0.013889
1 0.793750 0.525231 0.010937 0.008796
0 0.789714 0.440741 0.008073 0.012037
1 0.793620 0.430787 0.009115 0.010648
1 0.737109 0.184028 0.007031 0.010648
