1 0.471224 0.170602 0.004948 0.012500
0 0.450651 0.216898 0.004427 0.010648
0 0.547526 0.248611 0.005469 0.010185
1 0.645833 0.166898 0.006250 0.012500
1 0.610156 0.351157 0.008333 0.009722
1 0.638672 0.363889 0.005990 0.010185
0 0.629167 0.379398 0.005208 0.010648
0 0.649870 0.479398 0.007031 0.010648
1 0.636458 0.531250 0.004687 0.010648
1 0.556510 0.440741 0.005208 0.010185
0 0.527734 0.394676 0.004948 0.009722
1 0.476823 0.366435 0.006250 0.011574
1 0.445312 0.383333 0.005729 0.009259
0 0.520312 0.498611 0.004167 0.009259
1 0.604427 0.610648 0.006771 0.012037
0 0.544401 0.640741 0.006510 0.009259
1 0.488932 0.691898 0.004948 0.011574
0 0.451562 0.587731 0.005208 0.008796
0 0.446094 0.450694 0.007292 0.014352
0 0.438151 0.365741 0.005469 0.012963
