0 0.419401 0.515509 0.007031 0.013426
0 0.471745 0.635185 0.009115 0.017593
0 0.472396 0.314583 0.007292 0.014352
0 0.549740 0.177315 0.008333 0.018519
0 0.651432 0.231250 0.008594 0.017130
0 0.610938 0.418287 0.007292 0.012500
0 0.573698 0.528704 0.007812 0.015741
0 0.654557 0.672222 0.009115 0.013889
0 0.713281 0.490509 0.012500 0.015278
0 0.767708 0.395602 0.010937 0.016204
1 0.582031 0.230093 0.007292 0.011111
1 0.711849 0.382870 0.008594 0.017593
1 0.732031 0.190509 0.010417 0.018981
1 0.761719 0.527546 0.013542 0.016204
1 0.779036 0.400463 0.007552 0.014815
1 0.505208 0.425694 0.008333 0.011574
1 0.495573 0.548148 0.006250 0.012963
1 0.601823 0.618287 0.007812 0.016204
1 0.642839 0.471296 0.009115 0.013889
1 0.730078 0.665509 0.007031 0.017130
