0 0.401172 0.512731 0.012240 0.016204
0 0.431771 0.625463 0.008333 0.013889
1 0.441276 0.513194 0.007552 0.013426
1 0.436328 0.475694 0.006510 0.013426
0 0.450781 0.296296 0.009375 0.019444
0 0.504167 0.538889 0.007812 0.012963
0 0.527474 0.396759 0.007031 0.011111
0 0.554557 0.527083 0.011198 0.016204
1 0.582031 0.486574 0.009375 0.012963
1 0.591146 0.610417 0.006771 0.015278
0 0.524740 0.135185 0.009375 0.012963
0 0.612891 0.105787 0.008594 0.016204
0 0.607031 0.273611 0.009375 0.014815
1 0.621875 0.202315 0.008333 0.015741
1 0.616536 0.351389 0.010677 0.013889
0 0.547396 0.726389 0.009375 0.014815
1 0.657292 0.635880 0.009896 0.015278
1 0.667708 0.518287 0.011458 0.016204
1 0.692578 0.223380 0.009635 0.015278
1 0.719531 0.367130 0.006771 0.012963
