0 0.400521 0.511574 0.008333 0.016667
0 0.439453 0.626852 0.008594 0.012037
1 0.440365 0.467130 0.008854 0.013889
1 0.446484 0.508333 0.009635 0.015741
0 0.516927 0.529167 0.007812 0.013889
0 0.454427 0.297917 0.006250 0.009722
0 0.538411 0.399769 0.008594 0.012500
0 0.576432 0.528009 0.011719 0.014352
0 0.569401 0.709954 0.009635 0.013426
1 0.597005 0.588889 0.008594 0.014815
1 0.668490 0.623380 0.013021 0.013426
1 0.586198 0.474074 0.010937 0.015741
1 0.680339 0.507639 0.011198 0.020833
1 0.727995 0.360880 0.008594 0.015278
1 0.627995 0.340741 0.009635 0.014815
0 0.537500 0.133796 0.009375 0.010185
0 0.627734 0.125463 0.007552 0.015741
1 0.611068 0.194676 0.010677 0.016204
0 0.631901 0.271991 0.014323 0.018981
1 0.698828 0.208333 0.010677 0.012037
