0 0.472266 0.355787 0.007552 0.011574
0 0.463151 0.510648 0.007552 0.012037
0 0.488802 0.651852 0.005729 0.011111
0 0.650000 0.691204 0.006771 0.011111
0 0.589974 0.541898 0.005990 0.008796
0 0.621354 0.431250 0.006250 0.011574
0 0.637500 0.250231 0.007292 0.011574
0 0.519401 0.224074 0.005469 0.012037
0 0.759245 0.417130 0.007552 0.014815
0 0.770964 0.518287 0.010677 0.013426
1 0.761068 0.287037 0.006510 0.012963
1 0.803646 0.411574 0.006771 0.014815
1 0.809245 0.567593 0.011198 0.015741
1 0.639583 0.493056 0.006250 0.011111
1 0.707682 0.679167 0.007552 0.012963
1 0.560026 0.732639 0.005990 0.011574
1 0.514062 0.531250 0.007812 0.011574
1 0.522656 0.398611 0.007292 0.012963
1 0.553646 0.237500 0.005729 0.013889
1 0.739844 0.142361 0.009896 0.017130
