0 0.389714 0.263889 0.004948 0.010185
1 0.412500 0.308333 0.005208 0.009259
1 0.444792 0.250926 0.006250 0.009259
0 0.457161 0.229167 0.004948 0.013889
0 0.485938 0.245370 0.005729 0.011111
0 0.508984 0.284491 0.005990 0.008796
1 0.537109 0.329630 0.005469 0.010185
1 0.571484 0.252083 0.007031 0.011574
0 0.562630 0.326389 0.008073 0.014815
1 0.567969 0.330787 0.004687 0.010648
1 0.586068 0.384954 0.006510 0.006944
1 0.570443 0.493519 0.006510 0.008333
0 0.500000 0.576852 0.006771 0.009259
1 0.471875 0.456019 0.006771 0.009259
0 0.392708 0.509722 0.005729 0.009259
0 0.479948 0.346528 0.005208 0.010648
1 0.414193 0.359491 0.008073 0.009722
0 0.383333 0.355787 0.006771 0.010648
0 0.536198 0.340509 0.008333 0.014352
