0 0.445833 0.515972 0.009375 0.011574
0 0.488802 0.646296 0.007292 0.012963
0 0.479167 0.339352 0.006250 0.008333
0 0.530729 0.209954 0.005729 0.013426
0 0.650130 0.253935 0.006510 0.014352
0 0.624089 0.425926 0.005990 0.011111
0 0.595313 0.544907 0.005729 0.011111
0 0.669661 0.689120 0.010156 0.014352
1 0.585547 0.676620 0.007552 0.018056
1 0.720703 0.684259 0.008073 0.013889
1 0.657682 0.489352 0.008073 0.010185
1 0.521354 0.554630 0.006771 0.013889
1 0.527734 0.413657 0.005990 0.012500
1 0.560937 0.250000 0.006250 0.013889
1 0.741536 0.167593 0.010677 0.017593
1 0.757552 0.333796 0.007812 0.014815
1 0.812370 0.457407 0.007552 0.019444
1 0.831250 0.529398 0.007812 0.015278
0 0.793620 0.485185 0.007031 0.016667
0 0.793620 0.451389 0.008594 0.015741
