0 0.401042 0.510185 0.006250 0.012037
0 0.434115 0.624769 0.005729 0.014352
1 0.442708 0.509028 0.008333 0.014352
1 0.437240 0.471065 0.007292 0.012500
0 0.509375 0.534028 0.007812 0.013426
0 0.563542 0.529167 0.010937 0.012963
0 0.532161 0.399306 0.008073 0.013426
0 0.454167 0.296991 0.007812 0.011574
0 0.532943 0.135648 0.006510 0.014815
0 0.622135 0.118519 0.008854 0.015741
1 0.618880 0.198843 0.007031 0.014352
0 0.619792 0.273611 0.011979 0.016667
1 0.698307 0.218287 0.007031 0.012500
1 0.623047 0.347917 0.007552 0.015278
1 0.722917 0.364120 0.009896 0.014352
1 0.674089 0.515741 0.007552 0.012037
1 0.660807 0.630324 0.011198 0.010648
1 0.582552 0.481944 0.008854 0.012037
1 0.592448 0.600463 0.007812 0.014815
0 0.555729 0.719676 0.005729 0.013426
