0 0.404427 0.511806 0.009896 0.019907
0 0.456510 0.629167 0.011458 0.020370
1 0.471615 0.523843 0.007812 0.013426
1 0.471875 0.441435 0.009896 0.016204
0 0.464453 0.303704 0.009115 0.017593
0 0.550391 0.520833 0.009115 0.015741
0 0.577474 0.408102 0.009115 0.016204
1 0.613151 0.465741 0.010677 0.017593
1 0.602083 0.591204 0.008333 0.013889
0 0.619401 0.675694 0.009635 0.016204
1 0.703125 0.628935 0.010937 0.019907
0 0.636719 0.509722 0.010937 0.018519
1 0.716667 0.515046 0.013542 0.016204
0 0.701562 0.312037 0.013021 0.017593
1 0.667578 0.355093 0.009115 0.012963
1 0.747005 0.388194 0.011719 0.016204
1 0.717969 0.201389 0.007292 0.016667
0 0.654036 0.189583 0.006510 0.016204
1 0.594792 0.209722 0.006771 0.015741
0 0.557031 0.152315 0.008854 0.021296
