0 0.473828 0.624537 0.008073 0.013889
0 0.588411 0.675694 0.007552 0.015278
0 0.551693 0.527778 0.007552 0.012037
0 0.467578 0.486111 0.006510 0.012963
0 0.449349 0.370602 0.006510 0.012500
0 0.486068 0.235417 0.005469 0.013426
0 0.594141 0.243287 0.010156 0.013426
0 0.662760 0.382870 0.007292 0.012037
0 0.685677 0.495370 0.006250 0.011111
0 0.577344 0.414815 0.006250 0.008333
1 0.501693 0.761574 0.005990 0.013889
1 0.646484 0.646296 0.007031 0.009259
1 0.686719 0.552546 0.009375 0.014352
1 0.577865 0.469444 0.006250 0.012963
1 0.464974 0.450000 0.005469 0.012037
1 0.495964 0.372917 0.007552 0.015278
1 0.506771 0.176157 0.006250 0.011574
1 0.669401 0.336806 0.009115 0.013426
1 0.695312 0.372454 0.011458 0.012500
1 0.692708 0.116204 0.007292 0.011111
