0 0.376953 0.237037 0.006510 0.013889
1 0.396224 0.236806 0.005990 0.015278
1 0.441276 0.237731 0.006510 0.013426
0 0.451562 0.237731 0.007292 0.009722
1 0.485677 0.252778 0.005208 0.014815
1 0.533203 0.208333 0.004427 0.011111
1 0.575391 0.286574 0.003906 0.010185
0 0.602865 0.328472 0.009375 0.010648
0 0.558073 0.391898 0.005729 0.015278
1 0.513411 0.346296 0.006510 0.012037
0 0.454948 0.285185 0.005729 0.007407
1 0.375260 0.323611 0.006250 0.011111
0 0.358854 0.321065 0.005729 0.010648
1 0.419271 0.488194 0.006771 0.009722
0 0.378385 0.491667 0.006250 0.008333
0 0.463411 0.381250 0.005469 0.012500
0 0.457161 0.558333 0.005469 0.008333
1 0.550260 0.517130 0.004167 0.009259
1 0.557422 0.438889 0.005469 0.012037
