0 0.382812 0.258796 0.005208 0.011111
1 0.408724 0.302083 0.004427 0.009722
1 0.443490 0.247917 0.005208 0.012500
0 0.453255 0.234954 0.004948 0.013426
0 0.480078 0.251620 0.004427 0.011574
0 0.500521 0.287269 0.006771 0.008796
1 0.528906 0.322454 0.006250 0.011574
0 0.528125 0.336574 0.006250 0.016667
0 0.555208 0.325694 0.007812 0.013426
1 0.562370 0.327315 0.006510 0.010185
1 0.561849 0.242130 0.007552 0.011111
1 0.577214 0.390046 0.007031 0.011574
1 0.562370 0.490046 0.006510 0.009722
0 0.488802 0.576157 0.004687 0.008796
1 0.461719 0.454861 0.006250 0.009722
1 0.486458 0.357870 0.007812 0.009259
0 0.475781 0.336343 0.004687 0.010648
1 0.406510 0.354167 0.006771 0.010185
0 0.376172 0.349537 0.008073 0.011111
0 0.388802 0.505093 0.005208 0.010185
