0 0.398828 0.521991 0.015365 0.019907
0 0.425781 0.637037 0.007812 0.012963
0 0.436458 0.301157 0.007812 0.017130
1 0.453776 0.553472 0.008594 0.018981
1 0.448828 0.461343 0.007552 0.017130
0 0.509375 0.386111 0.007812 0.012963
0 0.492578 0.565972 0.005990 0.017130
0 0.529427 0.513194 0.008854 0.013426
0 0.489323 0.140046 0.009375 0.016204
0 0.558854 0.262731 0.010417 0.013426
1 0.581380 0.496296 0.007552 0.012963
1 0.597135 0.368519 0.007812 0.015741
0 0.527865 0.748148 0.009375 0.014815
1 0.592448 0.634722 0.005729 0.013889
1 0.658594 0.633796 0.008333 0.011111
1 0.660937 0.520139 0.008854 0.016204
1 0.701432 0.360880 0.007552 0.011574
1 0.609505 0.217593 0.007552 0.022222
1 0.672005 0.235648 0.006510 0.020370
0 0.568359 0.071528 0.008594 0.015278
