1 0.584245 0.508102 0.008594 0.017130
1 0.592448 0.641204 0.007292 0.012963
1 0.659505 0.639815 0.006510 0.012963
1 0.661458 0.528704 0.010417 0.014815
1 0.591797 0.396991 0.008073 0.018981
1 0.692318 0.369444 0.009115 0.012963
1 0.663542 0.248611 0.007292 0.016667
1 0.603125 0.230556 0.006771 0.018519
0 0.533594 0.256944 0.007812 0.012037
0 0.473698 0.146991 0.008333 0.016204
0 0.502214 0.377315 0.006510 0.012963
1 0.468229 0.428472 0.009375 0.017130
0 0.515234 0.507176 0.007031 0.011574
0 0.491146 0.588657 0.007292 0.012500
1 0.477214 0.579398 0.010677 0.017130
0 0.390234 0.515972 0.008073 0.016204
0 0.421615 0.639120 0.009375 0.015278
0 0.430599 0.299537 0.005990 0.011111
0 0.512891 0.762963 0.009115 0.013889
0 0.545312 0.062500 0.007812 0.006481
