1 0.429036 0.184954 0.004948 0.011574
0 0.410026 0.205093 0.010156 0.009259
0 0.493880 0.230324 0.004948 0.012500
1 0.574870 0.208333 0.005990 0.011111
1 0.572917 0.331713 0.006250 0.010648
1 0.533724 0.329630 0.004427 0.012037
0 0.482943 0.321759 0.004948 0.010185
1 0.416146 0.318056 0.009896 0.009259
0 0.407422 0.316204 0.008594 0.013889
1 0.435677 0.397222 0.006771 0.012963
0 0.402865 0.409491 0.007812 0.009722
0 0.421094 0.529630 0.007292 0.009259
0 0.484375 0.456250 0.005729 0.008796
1 0.465625 0.574537 0.005729 0.009259
0 0.494401 0.581713 0.006510 0.007870
1 0.567448 0.554167 0.006771 0.011111
1 0.587500 0.479630 0.007292 0.009259
0 0.605339 0.448380 0.005990 0.010648
0 0.662500 0.324537 0.007292 0.011111
1 0.525651 0.406250 0.006510 0.008796
