0 0.365755 0.229861 0.004948 0.009722
1 0.394792 0.247685 0.004687 0.012037
1 0.444792 0.250694 0.005729 0.017130
0 0.447005 0.238194 0.009115 0.008796
0 0.450781 0.256019 0.004687 0.010185
1 0.502865 0.268056 0.006771 0.012037
1 0.532813 0.205556 0.004687 0.011111
1 0.568229 0.296528 0.005729 0.009722
0 0.567708 0.316204 0.004687 0.010185
0 0.537760 0.343287 0.005729 0.011574
1 0.554948 0.420139 0.005208 0.008796
1 0.549740 0.500926 0.004687 0.008333
0 0.448307 0.553704 0.005469 0.011111
1 0.413672 0.458796 0.006510 0.007407
0 0.378255 0.489815 0.005469 0.010185
1 0.494401 0.328935 0.005990 0.013426
0 0.469922 0.338194 0.006510 0.015278
0 0.463542 0.299306 0.006771 0.016204
1 0.372526 0.301620 0.006510 0.011574
0 0.355729 0.296759 0.005208 0.009259
