0 0.477995 0.644213 0.004948 0.009722
0 0.475000 0.501157 0.005729 0.013426
0 0.456901 0.367824 0.008073 0.010648
0 0.501042 0.239352 0.008333 0.016667
0 0.612240 0.244907 0.007292 0.014815
0 0.604818 0.426389 0.007031 0.012037
0 0.573307 0.539352 0.007552 0.011111
0 0.610026 0.691667 0.007031 0.013889
0 0.710938 0.511343 0.008854 0.012500
0 0.696354 0.392361 0.008854 0.010648
1 0.723437 0.104398 0.008854 0.011574
1 0.710026 0.305556 0.008073 0.011111
1 0.736198 0.375694 0.010417 0.018981
1 0.725781 0.562037 0.006771 0.013889
1 0.675130 0.668519 0.008594 0.012037
1 0.515755 0.775231 0.005990 0.012500
1 0.598437 0.481713 0.007292 0.014352
1 0.487891 0.495602 0.008073 0.013426
1 0.511198 0.387269 0.007812 0.012500
1 0.532682 0.191204 0.005990 0.014815
