0 0.500000 0.780556 0.009375 0.014815
0 0.416146 0.647454 0.006771 0.013426
0 0.387109 0.506713 0.007031 0.014352
0 0.503125 0.501620 0.007812 0.016204
0 0.491016 0.609491 0.005990 0.016204
1 0.500521 0.611574 0.009896 0.018519
0 0.425911 0.298380 0.006510 0.011574
0 0.503906 0.250926 0.013542 0.017593
0 0.462240 0.158333 0.008333 0.020370
0 0.499479 0.371759 0.006250 0.014815
1 0.492448 0.392361 0.007292 0.015278
1 0.587500 0.428935 0.005729 0.012500
1 0.608203 0.242361 0.004948 0.015278
1 0.588411 0.522685 0.007552 0.013889
1 0.666016 0.538426 0.008073 0.014815
1 0.689844 0.381481 0.008333 0.015741
1 0.665365 0.252778 0.006771 0.013889
0 0.515495 0.058565 0.009635 0.018981
1 0.592448 0.644676 0.007292 0.017130
1 0.661458 0.641204 0.008854 0.016667
