0 0.476823 0.634259 0.006771 0.010185
0 0.560286 0.530556 0.005469 0.009259
0 0.473698 0.496296 0.009375 0.015741
0 0.449740 0.372685 0.005729 0.011111
0 0.489844 0.237963 0.007812 0.012963
0 0.599479 0.237500 0.007292 0.010185
0 0.589714 0.415278 0.007552 0.012963
0 0.673047 0.380093 0.009635 0.011111
0 0.694922 0.494907 0.009635 0.012963
0 0.600521 0.681019 0.006771 0.012037
1 0.660286 0.649769 0.010677 0.015278
1 0.510156 0.768750 0.008333 0.013426
1 0.584766 0.472917 0.005469 0.011574
1 0.702344 0.547917 0.008333 0.011574
1 0.710677 0.365278 0.006250 0.012963
1 0.683594 0.319213 0.006771 0.014352
1 0.700651 0.098843 0.005469 0.013426
1 0.513281 0.180556 0.006250 0.014815
1 0.500651 0.381944 0.007031 0.014815
1 0.473568 0.472222 0.008073 0.013889
