0 0.488021 0.651389 0.007292 0.010185
0 0.463932 0.509491 0.005990 0.010648
0 0.469531 0.356944 0.005729 0.010185
0 0.517188 0.229398 0.006250 0.015278
0 0.634896 0.251620 0.007292 0.013426
0 0.750000 0.411806 0.010417 0.014352
0 0.763932 0.520139 0.008073 0.012500
0 0.644401 0.692130 0.011719 0.013889
0 0.620703 0.430787 0.005990 0.010648
0 0.589063 0.541898 0.006771 0.012500
1 0.554297 0.743056 0.005990 0.012037
1 0.704167 0.679861 0.009896 0.012500
1 0.635417 0.493287 0.006250 0.015278
1 0.512240 0.526389 0.007812 0.011111
1 0.520312 0.397222 0.006250 0.012963
1 0.553125 0.233796 0.005729 0.012963
1 0.738542 0.136574 0.008333 0.012963
1 0.760286 0.282407 0.008594 0.010185
1 0.797786 0.405324 0.009635 0.017130
1 0.800521 0.570139 0.009375 0.014352
