0 0.471224 0.490741 0.008594 0.012037
0 0.556901 0.531250 0.006510 0.009722
0 0.584505 0.415972 0.007552 0.012500
0 0.450781 0.369907 0.006771 0.012963
0 0.491146 0.237269 0.008333 0.012500
0 0.599089 0.242130 0.006510 0.013889
0 0.667318 0.383796 0.010677 0.012037
0 0.690365 0.498843 0.008333 0.010648
0 0.592578 0.681019 0.008073 0.008333
0 0.474609 0.630324 0.007031 0.010648
1 0.503516 0.765046 0.005990 0.008796
1 0.652083 0.651620 0.007292 0.012500
1 0.693750 0.553472 0.006771 0.012500
1 0.704297 0.373380 0.010677 0.013426
1 0.677734 0.332870 0.007552 0.012037
1 0.580859 0.472917 0.007031 0.016204
1 0.469141 0.461343 0.008073 0.012500
1 0.499349 0.376852 0.007552 0.015741
1 0.512630 0.177083 0.005469 0.016204
1 0.699219 0.110880 0.007292 0.012500
