0 0.381510 0.241435 0.005729 0.010648
1 0.397656 0.243519 0.006771 0.012037
0 0.434245 0.232870 0.007031 0.009259
1 0.442057 0.234954 0.005990 0.012500
0 0.456510 0.236111 0.006771 0.011111
1 0.532682 0.213657 0.004427 0.013426
1 0.575521 0.287037 0.006250 0.009259
0 0.613932 0.331713 0.010156 0.011574
0 0.563802 0.403009 0.007292 0.014352
1 0.510156 0.360880 0.005208 0.016204
0 0.460417 0.394213 0.006250 0.013426
1 0.550911 0.520833 0.004427 0.012037
1 0.558984 0.445139 0.005990 0.011574
1 0.482812 0.259722 0.006771 0.012963
0 0.457682 0.285185 0.005990 0.009259
1 0.381250 0.335880 0.006250 0.011574
0 0.360547 0.335417 0.005990 0.012500
1 0.423307 0.496528 0.005469 0.010648
0 0.462240 0.560417 0.007292 0.009722
0 0.379427 0.493750 0.006250 0.007870
