0 0.388802 0.512963 0.006771 0.016667
0 0.418880 0.641435 0.005990 0.012500
0 0.490625 0.597685 0.007292 0.012037
1 0.485677 0.588426 0.007812 0.012963
0 0.507292 0.769676 0.008333 0.012500
0 0.509896 0.503704 0.006771 0.017593
1 0.476302 0.415046 0.009375 0.016204
0 0.430208 0.300231 0.006771 0.013426
0 0.501302 0.375463 0.006771 0.013889
0 0.522266 0.254167 0.009115 0.013889
1 0.589063 0.407176 0.007812 0.019907
1 0.585547 0.512963 0.007031 0.012963
1 0.592448 0.642593 0.006771 0.012037
1 0.659505 0.639583 0.008073 0.013426
1 0.663802 0.531713 0.006771 0.013426
1 0.688932 0.375463 0.010156 0.016667
1 0.603906 0.233565 0.007292 0.016204
1 0.662240 0.252778 0.008333 0.013889
0 0.469141 0.150000 0.008594 0.012963
0 0.534635 0.060417 0.009375 0.018981
