1 0.494792 0.739583 0.006250 0.011574
0 0.569661 0.660185 0.005469 0.012963
1 0.627734 0.631481 0.007031 0.012963
1 0.663802 0.545602 0.006771 0.012500
0 0.670182 0.486111 0.008073 0.012963
1 0.670833 0.370602 0.006771 0.009722
0 0.645573 0.379630 0.008854 0.010185
1 0.643620 0.345602 0.007552 0.011574
0 0.575651 0.248843 0.009115 0.011574
1 0.672005 0.135880 0.005469 0.009722
1 0.569141 0.459028 0.008073 0.010648
0 0.538542 0.518750 0.006250 0.010648
0 0.466667 0.608565 0.006771 0.006944
0 0.457813 0.469444 0.006771 0.015741
0 0.444010 0.370833 0.007292 0.012037
0 0.472917 0.229630 0.007292 0.014815
1 0.491406 0.171991 0.004687 0.012500
1 0.485938 0.353704 0.006250 0.012963
1 0.452995 0.421296 0.009115 0.013889
0 0.555208 0.408796 0.006771 0.012037
