0 0.499740 0.781250 0.007292 0.013426
0 0.415234 0.648843 0.007552 0.010648
0 0.386458 0.506019 0.007292 0.016667
0 0.491146 0.613657 0.006250 0.013426
1 0.504687 0.618981 0.009375 0.021296
0 0.502474 0.501852 0.009115 0.015741
1 0.497526 0.385648 0.009635 0.014815
0 0.499089 0.368750 0.007031 0.013426
1 0.586589 0.437037 0.009115 0.023148
1 0.589193 0.527083 0.010677 0.019907
1 0.592448 0.644676 0.008854 0.018981
0 0.424479 0.300463 0.009375 0.016667
0 0.497135 0.249074 0.012500 0.017593
0 0.460286 0.159722 0.008073 0.017593
1 0.608854 0.244676 0.007292 0.016204
0 0.508984 0.059028 0.010677 0.018056
1 0.663281 0.642130 0.007812 0.015741
1 0.667318 0.539815 0.008594 0.017593
1 0.691276 0.383102 0.008073 0.021759
1 0.665625 0.253009 0.008854 0.018981
