0 0.454818 0.465046 0.009115 0.018981
0 0.442839 0.369676 0.008073 0.011574
1 0.450651 0.410185 0.007552 0.015741
1 0.483333 0.353009 0.006771 0.013426
0 0.466276 0.225231 0.008594 0.016204
1 0.486328 0.172222 0.005469 0.012963
0 0.567708 0.249306 0.007812 0.012500
0 0.547917 0.406481 0.006250 0.012963
0 0.532943 0.514352 0.007031 0.010185
0 0.463151 0.603704 0.006510 0.011111
1 0.493099 0.728472 0.005990 0.010648
0 0.562760 0.655324 0.008333 0.009722
1 0.620964 0.626620 0.006510 0.012500
1 0.655859 0.542361 0.007552 0.015278
0 0.665104 0.484722 0.007292 0.010185
0 0.642188 0.379398 0.006771 0.010648
1 0.662109 0.369907 0.008594 0.011111
1 0.634635 0.348380 0.007292 0.011574
1 0.566667 0.454398 0.006771 0.012500
1 0.665885 0.144444 0.006771 0.012037
