0 0.452995 0.513889 0.008073 0.013889
0 0.491016 0.648148 0.004948 0.012963
0 0.477474 0.345602 0.005990 0.011574
0 0.525000 0.217130 0.006250 0.014815
0 0.646615 0.251620 0.006250 0.012500
0 0.624609 0.428241 0.005990 0.010185
0 0.593229 0.544444 0.007292 0.013889
0 0.662500 0.690046 0.009375 0.012500
0 0.789453 0.504398 0.007552 0.013426
0 0.781250 0.435185 0.009375 0.013889
1 0.741406 0.156019 0.010417 0.013889
1 0.759245 0.308102 0.008073 0.014352
1 0.814583 0.435880 0.006771 0.018056
1 0.828646 0.549537 0.005208 0.014815
1 0.714583 0.681713 0.009375 0.016204
1 0.574089 0.699769 0.004948 0.010648
1 0.526432 0.407639 0.005990 0.012500
1 0.519141 0.543287 0.005990 0.014352
1 0.651563 0.491204 0.008854 0.014815
1 0.556641 0.249074 0.007031 0.010185
