0 0.400781 0.510880 0.008333 0.015278
0 0.443099 0.627083 0.008594 0.017130
1 0.450651 0.508333 0.005990 0.013889
1 0.443620 0.460185 0.008073 0.019444
0 0.523698 0.526620 0.007812 0.012500
0 0.588151 0.526852 0.008594 0.011111
0 0.578516 0.701852 0.007552 0.018519
1 0.597526 0.586343 0.006510 0.010648
1 0.590885 0.471991 0.008333 0.012500
0 0.545443 0.401620 0.010156 0.015278
0 0.456771 0.298611 0.008854 0.014815
0 0.544792 0.134954 0.009896 0.013426
0 0.635807 0.139815 0.008594 0.017593
0 0.646745 0.275694 0.011198 0.014352
1 0.607292 0.195370 0.010417 0.020370
1 0.704688 0.208102 0.008333 0.012500
1 0.635026 0.341667 0.008594 0.015741
1 0.729297 0.362963 0.013802 0.017593
1 0.686719 0.509722 0.007292 0.009259
1 0.674740 0.619676 0.010937 0.018981
