1 0.498047 0.748148 0.007031 0.017593
0 0.576302 0.664815 0.008854 0.012963
1 0.632552 0.636343 0.009896 0.012500
1 0.670573 0.547685 0.009896 0.014815
0 0.676172 0.489352 0.007031 0.011111
0 0.651823 0.378704 0.006771 0.014815
1 0.678646 0.371528 0.006250 0.010648
1 0.650911 0.343287 0.009635 0.011574
1 0.571745 0.462731 0.006510 0.010648
0 0.542188 0.520833 0.005729 0.010185
0 0.562109 0.411343 0.005469 0.012500
0 0.469271 0.613426 0.008333 0.012037
0 0.461328 0.475694 0.007031 0.015278
0 0.446615 0.369907 0.007812 0.012037
1 0.456901 0.430556 0.006510 0.014815
1 0.488151 0.358102 0.005990 0.010648
0 0.581380 0.245370 0.008594 0.012963
0 0.477734 0.231713 0.008073 0.011574
1 0.496354 0.173148 0.004687 0.012037
1 0.678906 0.127315 0.006771 0.011111
