0 0.480859 0.646528 0.005469 0.012500
0 0.473177 0.502546 0.009896 0.012500
0 0.459896 0.364583 0.007292 0.013426
0 0.505208 0.240046 0.006771 0.014352
0 0.618490 0.248380 0.008333 0.013426
1 0.513151 0.392130 0.007031 0.012963
1 0.540625 0.202778 0.006250 0.014815
1 0.494792 0.505093 0.006771 0.008333
1 0.523047 0.780556 0.005469 0.008333
0 0.619271 0.693519 0.008854 0.009259
0 0.580078 0.540278 0.006510 0.010185
0 0.609115 0.428009 0.006771 0.011574
1 0.607161 0.484028 0.008073 0.015278
1 0.730208 0.109954 0.009896 0.015278
1 0.724740 0.291204 0.010937 0.012963
1 0.752865 0.379630 0.009375 0.012963
0 0.709896 0.396991 0.006250 0.009722
0 0.723698 0.517361 0.008333 0.012500
1 0.684375 0.675926 0.006771 0.013889
1 0.744010 0.565972 0.009896 0.011574
