0 0.443099 0.515509 0.005469 0.013426
0 0.480078 0.335880 0.006510 0.010648
0 0.533203 0.207639 0.007552 0.016204
0 0.651953 0.253472 0.008073 0.014352
1 0.564063 0.248843 0.006771 0.011574
1 0.528516 0.415278 0.005990 0.015741
1 0.521745 0.556944 0.005990 0.012963
0 0.488932 0.645139 0.006510 0.016204
0 0.595052 0.544213 0.007292 0.012500
1 0.589193 0.664583 0.007031 0.017130
0 0.671224 0.687731 0.009635 0.012500
1 0.722005 0.685880 0.009635 0.016204
1 0.661068 0.486574 0.009115 0.018519
0 0.624089 0.425463 0.007031 0.010185
0 0.796615 0.455556 0.005208 0.014815
0 0.792318 0.476852 0.008594 0.012963
1 0.809505 0.460185 0.009635 0.016667
1 0.829036 0.523148 0.005469 0.012037
1 0.756120 0.346528 0.007031 0.017130
1 0.741016 0.169213 0.009115 0.015278
