0 0.423047 0.515278 0.008073 0.013889
0 0.474479 0.637500 0.006771 0.014815
0 0.578255 0.531713 0.006510 0.013426
0 0.659115 0.677083 0.009375 0.017130
0 0.729167 0.484259 0.011458 0.013889
0 0.777344 0.414583 0.007292 0.014352
0 0.616276 0.417361 0.005990 0.011574
0 0.649479 0.237500 0.008333 0.013889
0 0.547266 0.181481 0.007031 0.014815
0 0.473568 0.316898 0.005469 0.013426
1 0.510677 0.423148 0.008333 0.014815
1 0.500391 0.550926 0.008594 0.016667
1 0.600911 0.621296 0.008073 0.015741
1 0.731510 0.673843 0.009375 0.013426
1 0.772786 0.528241 0.012240 0.012037
1 0.784245 0.412963 0.006510 0.017593
1 0.720703 0.384491 0.009635 0.013426
1 0.646224 0.473380 0.007552 0.016204
1 0.579427 0.234259 0.007812 0.018519
1 0.733464 0.187269 0.008073 0.016204
