0 0.458984 0.512731 0.007552 0.010648
0 0.474349 0.350926 0.005990 0.008333
0 0.521484 0.223380 0.007031 0.012500
0 0.489974 0.649306 0.005990 0.011574
0 0.592057 0.540972 0.005469 0.010648
0 0.654167 0.691204 0.009896 0.012037
0 0.623568 0.430324 0.005990 0.012500
0 0.641406 0.251157 0.006771 0.011574
0 0.766406 0.420139 0.008333 0.013426
0 0.778516 0.515278 0.009115 0.012037
1 0.710286 0.678472 0.009115 0.015278
1 0.818099 0.563889 0.009115 0.017593
1 0.808984 0.418056 0.007031 0.021296
1 0.760417 0.291204 0.006771 0.011111
1 0.740234 0.146991 0.009635 0.015278
1 0.554688 0.243750 0.006250 0.013426
1 0.645052 0.491435 0.008333 0.018056
1 0.516016 0.534722 0.008073 0.010185
1 0.523828 0.401620 0.008594 0.011574
1 0.566016 0.721991 0.006510 0.009722
