0 0.366797 0.227546 0.005469 0.011574
1 0.393229 0.241667 0.004167 0.010185
0 0.444792 0.236806 0.008854 0.008796
1 0.444141 0.249074 0.006510 0.011111
0 0.448568 0.250463 0.005990 0.007407
1 0.500000 0.257639 0.004687 0.016204
0 0.458984 0.290046 0.007031 0.011574
0 0.469792 0.350694 0.008333 0.017130
1 0.504036 0.333102 0.009115 0.011574
0 0.355469 0.295139 0.004167 0.013426
1 0.369010 0.300231 0.006250 0.012500
1 0.413411 0.465509 0.004948 0.010648
0 0.377734 0.488426 0.005990 0.011111
0 0.448958 0.554630 0.005729 0.008333
1 0.549870 0.503935 0.004427 0.013426
1 0.555339 0.423380 0.005469 0.009722
0 0.544401 0.351852 0.007552 0.012037
0 0.575000 0.318287 0.005729 0.010648
1 0.569661 0.293981 0.005990 0.009259
1 0.532552 0.205093 0.005208 0.012963
