1 0.460156 0.170370 0.005208 0.010185
0 0.440885 0.212269 0.006250 0.010648
0 0.534115 0.243981 0.004167 0.010185
1 0.631510 0.175926 0.006250 0.011111
1 0.594271 0.350231 0.006771 0.009722
1 0.623307 0.356481 0.008073 0.009259
0 0.620573 0.373148 0.005208 0.011111
0 0.641146 0.472222 0.005208 0.009259
1 0.625651 0.520370 0.008073 0.011111
0 0.514583 0.384954 0.005729 0.010648
1 0.471615 0.378935 0.006250 0.009722
0 0.435807 0.359722 0.005990 0.012963
1 0.441016 0.368750 0.006510 0.009722
0 0.438672 0.443981 0.008073 0.011111
0 0.512630 0.489583 0.004948 0.008796
1 0.550000 0.432639 0.004687 0.006944
1 0.595313 0.598380 0.004687 0.010648
0 0.533594 0.630556 0.007292 0.010185
1 0.486328 0.668287 0.004948 0.011574
0 0.445052 0.578935 0.005208 0.010648
