0 0.387630 0.509722 0.006510 0.017593
0 0.417839 0.642593 0.008073 0.013889
0 0.506641 0.502315 0.008073 0.013889
0 0.491276 0.603241 0.007552 0.011111
1 0.494271 0.598380 0.009896 0.013426
1 0.586979 0.516667 0.006771 0.015741
1 0.592708 0.643750 0.005729 0.013426
0 0.503906 0.775231 0.007812 0.012500
1 0.661849 0.640741 0.007031 0.012963
1 0.664453 0.534028 0.008073 0.014352
1 0.588151 0.419444 0.006510 0.019444
1 0.688932 0.379630 0.008073 0.018519
0 0.427214 0.298380 0.005990 0.011574
0 0.500130 0.372685 0.006510 0.010185
0 0.512240 0.250000 0.010417 0.011111
1 0.484635 0.402315 0.008333 0.015741
0 0.466146 0.154398 0.008854 0.016204
0 0.525130 0.060880 0.008594 0.010648
1 0.606250 0.236111 0.007292 0.012037
1 0.663281 0.253009 0.006250 0.016204
