0 0.402344 0.515741 0.009896 0.022222
0 0.427865 0.627083 0.008333 0.016204
1 0.437109 0.475463 0.007031 0.018519
1 0.442318 0.521759 0.008594 0.014815
0 0.498698 0.546759 0.009375 0.013889
0 0.545312 0.524306 0.010417 0.017130
0 0.538281 0.734259 0.009896 0.014815
0 0.448958 0.296528 0.007812 0.018981
0 0.520833 0.394907 0.009375 0.017593
0 0.593229 0.273843 0.010417 0.017130
1 0.611198 0.356944 0.008854 0.014815
1 0.580599 0.491204 0.006510 0.016667
1 0.589974 0.623380 0.009115 0.021759
1 0.655469 0.638426 0.009896 0.013889
1 0.663802 0.521065 0.009896 0.014352
1 0.714453 0.368750 0.010677 0.016204
1 0.621484 0.209954 0.008594 0.017130
1 0.689583 0.233102 0.009896 0.017130
0 0.516146 0.135648 0.009375 0.018519
0 0.603385 0.096991 0.007812 0.017130
