1 0.425391 0.190972 0.005990 0.008796
0 0.399609 0.206713 0.005469 0.009722
0 0.489193 0.227778 0.004427 0.011111
1 0.562630 0.216667 0.005469 0.011111
0 0.668490 0.329398 0.007292 0.010648
1 0.566797 0.317824 0.006510 0.014352
1 0.521745 0.316667 0.005469 0.012037
0 0.479297 0.310185 0.004427 0.011111
0 0.397917 0.299537 0.004687 0.013889
1 0.403255 0.306481 0.009635 0.012963
1 0.424740 0.390972 0.007292 0.010648
0 0.391927 0.395602 0.009896 0.012500
0 0.408724 0.520370 0.005990 0.009259
0 0.476953 0.445602 0.005469 0.009722
1 0.458333 0.553472 0.007812 0.012500
0 0.488021 0.574537 0.007292 0.006481
1 0.562240 0.547454 0.006250 0.013426
1 0.579167 0.470602 0.006250 0.006944
0 0.597786 0.437500 0.005469 0.007407
1 0.520312 0.400926 0.007292 0.009259
