0 0.400521 0.511806 0.008854 0.017130
0 0.445964 0.627546 0.010156 0.013426
0 0.530339 0.524074 0.008073 0.016667
0 0.457422 0.298611 0.007552 0.012963
0 0.552995 0.401389 0.008594 0.012037
0 0.598828 0.521759 0.011198 0.018519
0 0.589323 0.693519 0.010937 0.020370
0 0.660286 0.278009 0.009115 0.012500
0 0.548307 0.137037 0.010156 0.013889
0 0.640495 0.149769 0.009115 0.015278
1 0.448828 0.453472 0.008594 0.015278
1 0.454688 0.508565 0.006771 0.013426
1 0.595833 0.468287 0.008854 0.016204
1 0.598958 0.585880 0.007812 0.017130
1 0.683073 0.618287 0.009375 0.017130
1 0.692839 0.506944 0.012240 0.017593
1 0.641667 0.341435 0.010417 0.015278
1 0.733854 0.365972 0.009896 0.017130
1 0.602344 0.199537 0.006771 0.022222
1 0.706380 0.205324 0.010156 0.010648
