0 0.435937 0.515972 0.005208 0.013426
0 0.485677 0.643056 0.008333 0.011111
1 0.595964 0.646759 0.006510 0.014815
1 0.517448 0.557870 0.007812 0.012963
1 0.526042 0.415972 0.006250 0.010648
0 0.479036 0.328935 0.005990 0.012500
0 0.537891 0.200463 0.007552 0.015741
0 0.651042 0.250231 0.007812 0.015278
1 0.569141 0.246065 0.007031 0.013426
0 0.624349 0.422222 0.006510 0.012037
0 0.591016 0.541667 0.006510 0.011111
1 0.657813 0.480324 0.008333 0.009722
0 0.670833 0.683102 0.006771 0.015278
1 0.726823 0.687731 0.009375 0.009722
0 0.779297 0.465278 0.005469 0.014815
1 0.747266 0.368519 0.007552 0.019444
1 0.740365 0.177778 0.008854 0.015741
0 0.798307 0.452778 0.006510 0.012037
1 0.803776 0.450694 0.005990 0.010648
1 0.814974 0.521528 0.007552 0.013426
