0 0.604557 0.683102 0.007552 0.011574
0 0.478125 0.640509 0.005729 0.012500
0 0.475260 0.497454 0.006771 0.009722
0 0.566276 0.532870 0.005469 0.010185
0 0.596354 0.419213 0.007812 0.013426
0 0.451562 0.371528 0.006250 0.012500
0 0.680729 0.381019 0.007812 0.014815
0 0.701172 0.497222 0.006510 0.011111
0 0.493229 0.240046 0.007812 0.012500
0 0.603385 0.239352 0.005729 0.010185
1 0.707812 0.096296 0.005208 0.012963
1 0.692318 0.311574 0.005469 0.012037
1 0.719271 0.365972 0.005729 0.012500
1 0.710286 0.550926 0.010677 0.013889
1 0.667188 0.654167 0.008854 0.010185
1 0.588932 0.474769 0.007552 0.009722
1 0.479427 0.481250 0.006250 0.011574
1 0.504036 0.384259 0.008594 0.012037
1 0.512760 0.772222 0.008333 0.012037
1 0.518750 0.183102 0.007292 0.014352
