0 0.408594 0.512963 0.011458 0.013889
0 0.462240 0.630324 0.008333 0.015278
1 0.481510 0.532639 0.008333 0.014352
1 0.486458 0.434722 0.009896 0.012963
0 0.560026 0.521991 0.006510 0.010648
0 0.592448 0.412963 0.008333 0.014815
0 0.468229 0.307639 0.008854 0.014352
0 0.554427 0.163889 0.007812 0.016667
0 0.654818 0.210417 0.007031 0.017130
0 0.728125 0.342593 0.011458 0.020370
1 0.723307 0.197917 0.009635 0.017130
1 0.685417 0.368056 0.012500 0.016667
1 0.626302 0.468287 0.009896 0.012500
1 0.589974 0.218287 0.006510 0.013426
1 0.604036 0.598611 0.008073 0.016667
0 0.636849 0.669907 0.011198 0.017593
0 0.667057 0.502083 0.013281 0.012500
1 0.714974 0.642130 0.009635 0.013889
1 0.734635 0.519213 0.010937 0.013426
1 0.762240 0.388426 0.009375 0.016667
