0 0.439844 0.517130 0.008854 0.012963
1 0.520052 0.557870 0.006250 0.011111
0 0.486849 0.644213 0.005990 0.012500
1 0.592969 0.653472 0.007292 0.015278
0 0.592578 0.542130 0.005469 0.009259
1 0.527214 0.416667 0.006510 0.011111
0 0.479687 0.331250 0.006771 0.010648
0 0.536328 0.201157 0.007031 0.012500
1 0.566797 0.246065 0.005469 0.011574
0 0.624089 0.424074 0.005990 0.009259
0 0.651953 0.250694 0.006510 0.013426
1 0.660417 0.484259 0.006771 0.012037
0 0.672005 0.684259 0.008594 0.018519
1 0.725130 0.686806 0.009115 0.015278
0 0.786198 0.466435 0.007812 0.017130
1 0.823438 0.519213 0.007292 0.014352
0 0.799349 0.459028 0.005469 0.014352
1 0.751563 0.358565 0.008333 0.014352
1 0.741276 0.175694 0.007031 0.015278
1 0.807422 0.456250 0.006510 0.011574
