0 0.369661 0.247917 0.006510 0.011574
1 0.400651 0.280324 0.004948 0.011574
1 0.443620 0.248611 0.005990 0.014815
0 0.447266 0.246296 0.006510 0.014815
0 0.465104 0.262731 0.006771 0.013426
1 0.539844 0.219213 0.005729 0.011574
0 0.544010 0.311343 0.006250 0.012500
1 0.553125 0.313426 0.008333 0.011111
1 0.555078 0.406250 0.010156 0.014352
1 0.551042 0.489815 0.005729 0.008333
0 0.464714 0.565278 0.007552 0.011111
1 0.436849 0.445139 0.009115 0.010648
0 0.380990 0.496296 0.004687 0.009259
1 0.473828 0.341898 0.006510 0.014352
0 0.516276 0.333333 0.007031 0.012037
1 0.511198 0.318519 0.005729 0.013889
0 0.481120 0.304630 0.005990 0.010185
0 0.469141 0.317593 0.004948 0.008333
1 0.387109 0.333565 0.007031 0.012500
0 0.362370 0.326852 0.004427 0.010185
