0 0.468750 0.506481 0.008854 0.017593
0 0.466276 0.361806 0.004948 0.011574
0 0.513542 0.235880 0.006250 0.015278
1 0.550911 0.224306 0.006510 0.015278
1 0.518229 0.398843 0.005208 0.009722
1 0.506641 0.521065 0.007031 0.008796
0 0.586458 0.541204 0.005729 0.010185
0 0.485026 0.650694 0.006510 0.009722
1 0.542708 0.763194 0.005729 0.009722
0 0.635286 0.694444 0.009115 0.011111
1 0.698568 0.681713 0.009635 0.010648
1 0.781641 0.572222 0.006510 0.011111
0 0.749609 0.521296 0.007552 0.010185
0 0.736328 0.405093 0.007552 0.011111
1 0.783073 0.393056 0.009375 0.018519
1 0.752734 0.279861 0.008073 0.009722
1 0.737500 0.127315 0.008854 0.011111
0 0.616927 0.432407 0.006250 0.010185
0 0.629297 0.252546 0.007552 0.011574
1 0.625651 0.488889 0.008073 0.017593
