0 0.366276 0.240278 0.005990 0.012963
1 0.397266 0.264815 0.004427 0.011111
1 0.444401 0.254861 0.005990 0.018981
0 0.447917 0.243981 0.006771 0.014815
0 0.458984 0.262037 0.005990 0.012037
1 0.533333 0.209954 0.006250 0.011574
1 0.506380 0.297917 0.005990 0.012500
0 0.552604 0.309954 0.006771 0.011574
1 0.559505 0.302778 0.005990 0.013889
0 0.523828 0.339120 0.004948 0.012500
1 0.478255 0.330556 0.004948 0.010185
0 0.475651 0.316898 0.005990 0.010648
0 0.467708 0.311574 0.006250 0.007407
1 0.551823 0.413889 0.005208 0.010185
1 0.550391 0.495139 0.004948 0.008796
0 0.454036 0.558796 0.006510 0.008333
1 0.423438 0.448380 0.004167 0.008796
0 0.378906 0.491435 0.005729 0.012500
1 0.378385 0.314583 0.005208 0.013426
0 0.358464 0.311111 0.005469 0.012037
