1 0.440755 0.177546 0.004427 0.012500
0 0.423177 0.206250 0.005729 0.011574
0 0.507943 0.239815 0.005990 0.012037
1 0.599870 0.192361 0.005469 0.011574
0 0.425260 0.339352 0.007812 0.012037
1 0.431250 0.345833 0.008333 0.012963
0 0.495312 0.357639 0.005208 0.008796
1 0.562500 0.342824 0.008333 0.011574
1 0.591406 0.348843 0.006250 0.009722
0 0.622396 0.344907 0.008854 0.015741
0 0.621875 0.462500 0.005729 0.012037
1 0.606771 0.498380 0.007292 0.009722
1 0.577344 0.573148 0.004687 0.007407
1 0.537370 0.416667 0.004948 0.010185
0 0.497526 0.472222 0.006510 0.007407
0 0.511458 0.603472 0.005208 0.009722
1 0.478125 0.619907 0.005208 0.010185
0 0.435547 0.553704 0.005990 0.007407
0 0.422917 0.428935 0.006771 0.008796
1 0.456120 0.401157 0.005990 0.011574
