1 0.450130 0.173380 0.003906 0.008796
1 0.615365 0.184259 0.005729 0.009259
0 0.431510 0.208102 0.006771 0.011574
0 0.520312 0.241435 0.005208 0.011574
1 0.607422 0.351389 0.006510 0.010185
1 0.577344 0.346528 0.003646 0.007870
0 0.614844 0.368981 0.006771 0.017593
0 0.631120 0.467130 0.005990 0.010185
1 0.543359 0.424074 0.005990 0.011111
1 0.616146 0.509028 0.006250 0.009722
1 0.585417 0.584028 0.005729 0.011574
0 0.504557 0.478935 0.005469 0.007870
1 0.464583 0.391435 0.006771 0.009722
0 0.503125 0.373611 0.005208 0.012037
0 0.431380 0.351157 0.005990 0.013426
1 0.437109 0.358565 0.007031 0.011574
0 0.430859 0.436806 0.006510 0.010648
0 0.439193 0.567361 0.004948 0.010648
1 0.482682 0.644907 0.004948 0.012037
0 0.522656 0.617593 0.005729 0.010185
