0 0.400130 0.215741 0.010156 0.012963
1 0.424870 0.212500 0.006510 0.012037
0 0.481510 0.228935 0.008854 0.010648
1 0.545833 0.222222 0.006250 0.012037
1 0.567057 0.294676 0.005469 0.008796
0 0.651563 0.337963 0.006771 0.010185
0 0.584766 0.423380 0.004948 0.006944
1 0.568229 0.460185 0.005208 0.009259
1 0.555469 0.537500 0.004687 0.009259
0 0.476562 0.569676 0.006250 0.007870
0 0.466016 0.428009 0.004427 0.008796
1 0.442708 0.526389 0.005729 0.006481
0 0.393229 0.508102 0.006250 0.009722
0 0.375260 0.372454 0.007292 0.010648
1 0.407161 0.373843 0.007031 0.014352
0 0.471875 0.296065 0.005729 0.009722
1 0.504687 0.289583 0.006771 0.011574
1 0.512500 0.393750 0.005729 0.008796
1 0.390365 0.278241 0.006771 0.016667
0 0.395833 0.266435 0.008333 0.013426
