0 0.367448 0.244444 0.006250 0.012037
1 0.399609 0.271528 0.004948 0.008796
1 0.444531 0.250926 0.006250 0.016667
0 0.447786 0.245833 0.005469 0.014815
0 0.462240 0.262963 0.004687 0.013889
1 0.535417 0.214120 0.007292 0.014352
0 0.548177 0.307870 0.005208 0.012037
1 0.556380 0.307639 0.004948 0.012500
1 0.507812 0.310648 0.007292 0.018519
0 0.518359 0.340278 0.005469 0.016667
1 0.551302 0.411806 0.007812 0.009722
1 0.550000 0.490509 0.005729 0.009722
0 0.478516 0.311806 0.007031 0.011574
0 0.467839 0.314120 0.004427 0.007870
1 0.475781 0.333796 0.004687 0.009259
1 0.429557 0.446528 0.007031 0.010648
0 0.458724 0.561574 0.008073 0.011111
0 0.379818 0.492593 0.005469 0.011111
1 0.382292 0.324769 0.006250 0.012500
0 0.359896 0.319213 0.006771 0.014352
