0 0.372135 0.251620 0.008333 0.009722
1 0.403516 0.288426 0.004427 0.012037
1 0.442969 0.249537 0.005729 0.010185
0 0.448177 0.244907 0.006771 0.013889
0 0.470573 0.259259 0.006250 0.012963
0 0.487109 0.296528 0.007031 0.008796
0 0.470052 0.321528 0.005208 0.008796
1 0.516797 0.322917 0.006510 0.008796
0 0.517318 0.331019 0.008594 0.010185
0 0.546745 0.316435 0.009115 0.013426
1 0.555599 0.317361 0.005990 0.007870
1 0.546875 0.226852 0.006771 0.008333
1 0.561068 0.400463 0.006510 0.012037
1 0.552344 0.488889 0.007812 0.008333
0 0.472656 0.570602 0.005729 0.008796
1 0.445312 0.448148 0.008333 0.010185
0 0.383724 0.498148 0.006510 0.012037
1 0.393359 0.340046 0.006510 0.011574
0 0.366536 0.336343 0.006510 0.009722
