0 0.405599 0.513194 0.007552 0.015278
0 0.460547 0.629630 0.010156 0.018519
0 0.466016 0.306250 0.007552 0.017130
0 0.555859 0.521296 0.010156 0.015741
0 0.653125 0.506713 0.010937 0.016204
0 0.629036 0.672222 0.009635 0.019444
0 0.586198 0.410880 0.007292 0.016204
0 0.716927 0.327778 0.010937 0.017593
0 0.655078 0.202546 0.008594 0.018981
0 0.555339 0.158796 0.007552 0.017593
1 0.478646 0.438426 0.006771 0.015741
1 0.476042 0.528472 0.007812 0.015278
1 0.602995 0.594444 0.008594 0.017593
1 0.710547 0.637037 0.009635 0.018519
1 0.726693 0.517824 0.011198 0.017130
1 0.619531 0.465278 0.013021 0.013889
1 0.676823 0.361806 0.011979 0.016204
1 0.755208 0.386806 0.010937 0.018981
1 0.720703 0.200694 0.007552 0.015278
1 0.592187 0.214120 0.008854 0.016204
