0 0.370703 0.229630 0.005990 0.015741
1 0.393750 0.236574 0.006250 0.012963
0 0.443490 0.237731 0.004687 0.010648
0 0.446875 0.243981 0.007292 0.010185
1 0.497396 0.248611 0.006771 0.012963
1 0.532422 0.204630 0.004948 0.013889
1 0.572786 0.290509 0.006510 0.009722
0 0.584766 0.322222 0.006510 0.011111
1 0.555990 0.429861 0.006771 0.014352
0 0.550130 0.509028 0.004948 0.009722
0 0.451562 0.557176 0.006250 0.009722
1 0.414193 0.473148 0.004948 0.009259
0 0.376823 0.489583 0.006250 0.008796
0 0.468750 0.360185 0.005729 0.014815
0 0.356120 0.300231 0.005990 0.009722
1 0.369661 0.304630 0.006510 0.009259
0 0.453776 0.286806 0.007031 0.008796
1 0.512630 0.334954 0.010156 0.016204
0 0.549479 0.363657 0.004687 0.011574
