0 0.404427 0.218519 0.008333 0.012037
1 0.428125 0.220833 0.004687 0.012963
0 0.475651 0.230324 0.004948 0.013426
1 0.541797 0.223611 0.004948 0.014815
1 0.569141 0.289352 0.006510 0.008333
0 0.643880 0.337500 0.007552 0.009259
0 0.579818 0.418519 0.004427 0.012037
1 0.565495 0.456944 0.004948 0.010185
1 0.554297 0.534259 0.004948 0.011111
0 0.473307 0.565741 0.004948 0.011111
1 0.437891 0.520370 0.006510 0.009259
0 0.388542 0.504398 0.005729 0.006019
0 0.463542 0.421759 0.006250 0.007407
1 0.510677 0.388889 0.005729 0.009259
1 0.498698 0.282176 0.006771 0.011574
0 0.468229 0.291204 0.005208 0.008333
0 0.395964 0.258796 0.008073 0.016667
1 0.391276 0.266898 0.004948 0.008796
1 0.400391 0.365972 0.007031 0.010648
0 0.370964 0.365972 0.006510 0.014352
