1 0.448177 0.402315 0.006250 0.010185
0 0.440365 0.370370 0.006771 0.012963
0 0.460547 0.223611 0.007552 0.011111
1 0.480469 0.171991 0.004687 0.011574
0 0.560547 0.249306 0.005990 0.010648
1 0.482031 0.356713 0.006250 0.011574
0 0.540495 0.402546 0.004948 0.008796
1 0.563411 0.448843 0.005469 0.011574
0 0.451562 0.461343 0.006771 0.011574
0 0.529557 0.509722 0.005990 0.009259
0 0.460547 0.598611 0.008073 0.009259
0 0.558073 0.650231 0.006771 0.009722
1 0.616536 0.621065 0.005990 0.007870
1 0.649219 0.538657 0.008854 0.011574
0 0.660156 0.481713 0.005208 0.010648
0 0.637240 0.379167 0.007292 0.012963
1 0.654167 0.366898 0.009896 0.009722
1 0.626302 0.347917 0.005729 0.010648
1 0.658464 0.151157 0.004948 0.010648
1 0.492708 0.718287 0.004687 0.014352
