1 0.454167 0.173148 0.006771 0.012037
0 0.526953 0.242593 0.005469 0.009259
0 0.435677 0.210648 0.005208 0.010185
1 0.622917 0.180093 0.005729 0.011111
1 0.585286 0.348148 0.005990 0.010185
1 0.614323 0.353472 0.009896 0.009722
0 0.614974 0.371759 0.009115 0.011111
0 0.635807 0.468750 0.004948 0.010648
1 0.620182 0.514120 0.007031 0.010648
1 0.589714 0.590509 0.007031 0.009722
1 0.546615 0.428009 0.004687 0.009722
0 0.507943 0.379167 0.005469 0.011111
1 0.467839 0.386574 0.005990 0.012037
1 0.438542 0.362037 0.007292 0.007407
0 0.433203 0.355556 0.005990 0.012963
0 0.508724 0.483796 0.004427 0.009259
0 0.527083 0.623148 0.006250 0.010185
1 0.484505 0.656019 0.004948 0.015741
0 0.441927 0.572454 0.005729 0.010648
0 0.434896 0.439352 0.006771 0.011111
