0 0.467318 0.507407 0.007552 0.012963
0 0.467839 0.360185 0.007031 0.012963
0 0.515495 0.231713 0.007031 0.011574
0 0.631901 0.252546 0.007031 0.013426
0 0.618750 0.431481 0.006771 0.012963
0 0.743620 0.406481 0.010156 0.012963
0 0.758464 0.521528 0.007552 0.012500
0 0.641276 0.691898 0.007031 0.010648
0 0.587500 0.541204 0.005208 0.008333
0 0.486458 0.650926 0.004687 0.010185
1 0.548438 0.753472 0.006250 0.009722
1 0.508854 0.522917 0.006771 0.010648
1 0.519792 0.396759 0.006250 0.011111
1 0.551562 0.228935 0.005729 0.010648
1 0.632161 0.490509 0.008594 0.016204
1 0.738151 0.134722 0.009635 0.013889
1 0.758073 0.280787 0.009375 0.014352
1 0.790495 0.401157 0.009635 0.013426
1 0.791276 0.571296 0.005990 0.010185
1 0.702083 0.682176 0.006771 0.010648
