0 0.482812 0.649537 0.006771 0.012963
0 0.472005 0.506481 0.008594 0.017593
0 0.464323 0.362500 0.006771 0.012037
0 0.510026 0.239120 0.008073 0.011574
1 0.547266 0.213194 0.005990 0.012500
0 0.624349 0.252083 0.008073 0.010648
1 0.516016 0.396991 0.005990 0.010648
1 0.501563 0.514120 0.006771 0.006944
0 0.583984 0.541667 0.004948 0.008333
0 0.626953 0.694213 0.008073 0.007870
1 0.531771 0.776620 0.005208 0.007870
1 0.692057 0.681944 0.010156 0.011111
1 0.762109 0.569444 0.009635 0.011111
0 0.737240 0.521759 0.007812 0.009259
0 0.723437 0.403241 0.007292 0.014815
1 0.769922 0.387963 0.005990 0.012037
1 0.740755 0.282176 0.009115 0.011574
1 0.734375 0.119676 0.009375 0.012500
1 0.616536 0.486574 0.007031 0.012037
0 0.613542 0.431713 0.007292 0.010648
