0 0.449740 0.516204 0.006771 0.013889
0 0.479427 0.345139 0.007812 0.014352
0 0.528385 0.214583 0.006250 0.012500
0 0.648307 0.253704 0.007031 0.012963
0 0.623958 0.427778 0.006771 0.011111
0 0.595443 0.545833 0.006510 0.010185
0 0.489974 0.649074 0.005469 0.011111
0 0.666667 0.689815 0.007292 0.009259
0 0.789844 0.443750 0.009375 0.016204
0 0.793099 0.495139 0.006510 0.010648
1 0.741797 0.162037 0.008073 0.012963
1 0.758724 0.322222 0.009115 0.016667
1 0.814974 0.451389 0.007552 0.019444
1 0.831510 0.539583 0.008333 0.014352
1 0.717839 0.683333 0.007552 0.012963
1 0.580208 0.688889 0.006771 0.014815
1 0.657292 0.492130 0.008333 0.012963
1 0.521354 0.550231 0.007812 0.014352
1 0.526823 0.411111 0.006771 0.011111
1 0.558073 0.250694 0.006250 0.012500
