1 0.450130 0.257407 0.005469 0.011111
0 0.402474 0.269444 0.008073 0.011111
0 0.464714 0.218287 0.004948 0.013426
0 0.496615 0.235185 0.006771 0.012963
0 0.522786 0.284491 0.004948 0.012500
1 0.586849 0.265509 0.005990 0.009722
0 0.574479 0.331481 0.006250 0.012963
1 0.579557 0.332407 0.005469 0.006481
1 0.599349 0.381019 0.005990 0.008333
1 0.584635 0.498611 0.008854 0.010185
1 0.488802 0.454398 0.005729 0.008796
0 0.518880 0.570370 0.005990 0.010185
0 0.402734 0.515972 0.005990 0.009722
1 0.427734 0.371065 0.005990 0.010648
1 0.417708 0.321528 0.004167 0.010648
0 0.395964 0.364583 0.005990 0.008796
0 0.491536 0.359259 0.004948 0.009259
1 0.509766 0.358565 0.004948 0.011574
1 0.554557 0.341435 0.008594 0.009722
0 0.552604 0.350926 0.006771 0.013889
