0 0.479167 0.642593 0.007292 0.014815
0 0.476042 0.499306 0.005208 0.015278
0 0.452865 0.369907 0.005208 0.012963
0 0.495052 0.239352 0.005208 0.014815
0 0.606120 0.239352 0.008073 0.013889
0 0.688151 0.380324 0.007031 0.015278
0 0.706771 0.499769 0.006771 0.009722
0 0.600130 0.420602 0.005990 0.009722
0 0.569922 0.535185 0.005990 0.008333
0 0.608333 0.685648 0.008333 0.011111
1 0.515885 0.775231 0.006771 0.014352
1 0.672135 0.658102 0.006771 0.011574
1 0.718750 0.551389 0.009896 0.012963
1 0.594531 0.476852 0.005729 0.009259
1 0.483854 0.489352 0.007812 0.012037
1 0.508073 0.386343 0.007292 0.008796
1 0.523828 0.187963 0.007031 0.014815
1 0.713411 0.093981 0.006510 0.012963
1 0.699740 0.304630 0.007812 0.010185
1 0.727604 0.366435 0.007292 0.011574
