1 0.445964 0.176852 0.008073 0.012037
1 0.607031 0.188657 0.004687 0.011574
0 0.513672 0.241204 0.005469 0.012037
0 0.426953 0.206944 0.004948 0.009259
0 0.617057 0.355556 0.009115 0.017593
1 0.598698 0.349074 0.005208 0.008333
1 0.569141 0.343750 0.004948 0.009722
0 0.625911 0.464583 0.006510 0.008796
1 0.611589 0.503704 0.004948 0.011111
1 0.540104 0.421759 0.005729 0.011111
1 0.580729 0.578935 0.005729 0.011574
0 0.516406 0.609954 0.005729 0.007870
1 0.480339 0.632639 0.004948 0.010648
0 0.500911 0.475000 0.004948 0.007407
0 0.497917 0.367130 0.004687 0.013889
1 0.459896 0.397454 0.005729 0.010648
0 0.428516 0.344907 0.005469 0.012037
1 0.433594 0.350231 0.005729 0.011574
0 0.426693 0.432870 0.008073 0.012037
0 0.437109 0.560417 0.004427 0.010648
