0 0.386979 0.245833 0.007812 0.013889
1 0.399219 0.252778 0.008854 0.013889
0 0.424349 0.227778 0.005990 0.009259
1 0.439844 0.231019 0.006771 0.012037
0 0.460677 0.232639 0.005729 0.013426
0 0.486719 0.264352 0.007292 0.011111
1 0.534896 0.216435 0.004167 0.011574
1 0.574219 0.286806 0.006250 0.009722
0 0.623828 0.334259 0.009115 0.010185
0 0.569531 0.410185 0.006250 0.011111
1 0.560547 0.448380 0.004948 0.008796
1 0.551562 0.526157 0.005208 0.009722
0 0.466016 0.561111 0.006510 0.009259
1 0.427474 0.504398 0.005990 0.011574
0 0.460156 0.403472 0.005208 0.010648
1 0.509375 0.372685 0.006250 0.014815
0 0.382422 0.496759 0.006510 0.010185
0 0.461198 0.286574 0.004167 0.007407
1 0.386849 0.344676 0.005990 0.008796
0 0.363281 0.345833 0.005729 0.015741
