0 0.390625 0.251389 0.007292 0.016667
1 0.397396 0.258333 0.007812 0.008333
0 0.414193 0.223843 0.005469 0.010648
1 0.433594 0.227546 0.003646 0.014352
0 0.467839 0.231250 0.007552 0.009722
1 0.491667 0.271759 0.007812 0.012037
1 0.537891 0.221065 0.004948 0.016204
1 0.570833 0.287731 0.005208 0.011574
0 0.633333 0.336343 0.007292 0.009722
0 0.574870 0.414120 0.005469 0.009722
1 0.562109 0.452315 0.005469 0.012963
1 0.509245 0.381713 0.004427 0.013426
0 0.460677 0.413657 0.005208 0.010648
1 0.552474 0.528241 0.004948 0.012037
0 0.464323 0.288889 0.006250 0.009259
1 0.393490 0.355093 0.006771 0.013889
0 0.365885 0.356250 0.006771 0.015278
0 0.384766 0.500231 0.005469 0.008796
1 0.432422 0.510880 0.006510 0.011574
0 0.469271 0.563194 0.006771 0.008796
