0 0.394792 0.208333 0.007812 0.010185
1 0.423307 0.193287 0.005990 0.010648
0 0.395313 0.289815 0.005729 0.016667
1 0.396094 0.302778 0.008854 0.014815
0 0.487109 0.229167 0.003906 0.012037
0 0.477344 0.306019 0.004687 0.009259
1 0.516146 0.308333 0.005208 0.010185
1 0.557161 0.219444 0.006510 0.011111
1 0.565755 0.310648 0.006510 0.011111
0 0.664583 0.333102 0.005729 0.011574
0 0.594271 0.433565 0.005729 0.010648
1 0.576302 0.467824 0.005208 0.010648
1 0.517578 0.399306 0.005469 0.009722
0 0.474479 0.440278 0.006771 0.010185
1 0.419792 0.386343 0.008333 0.012500
0 0.386849 0.389120 0.007552 0.012500
0 0.404297 0.516435 0.008594 0.010648
1 0.453906 0.543056 0.007812 0.012963
0 0.484505 0.573843 0.005469 0.007870
1 0.560547 0.545139 0.003906 0.008796
